STN   ,WBAN , YEARMODA,   TEMP,  ,   DEWP,  ,   SLP,  ,   STP,  ,   VISIB,  ,   WDSP,  ,  MXSPD,   GUST,     MAX,     MIN,  PRCP, SNDP,FRSHTT,
723150,03812, 20000101,   44.7,24,   40.3,24,1022.0,21,9999.9, 0,     6.0,24,    3.2,24,   15.0,   20.0,   64.0 ,   30.9 , 0.00D,999.9,100000,
723150,03812, 20000102,   55.5,24,   50.0,24,1022.1,19,9999.9, 0,     7.2,24,    6.6,24,   15.9,   21.0,   66.0*,   48.2*, 0.00D,999.9,110000,
723150,03812, 20000103,   58.1,24,   53.6,24,1019.7,23,9999.9, 0,     9.5,24,    7.2,24,   15.0,   20.0,   66.9 ,   48.0 , 0.00D,999.9,010000,
723150,03812, 20000104,   57.7,24,   50.8,24,1012.3,21,9999.9, 0,     8.2,24,   10.4,24,   18.1,   23.9,   62.1*,   46.4*, 0.06G,999.9,110000,
723150,03812, 20000105,   34.9,24,   23.8,24,1021.6,21,9999.9, 0,    10.0,24,   10.2,24,   17.1,   27.0,   46.0*,   28.0*, 0.14G,999.9,001000,
723150,03812, 20000106,   31.6,24,   22.1,24,1030.6,24,9999.9, 0,     9.6,24,    2.9,24,    8.9,  999.9,   48.0 ,   19.0 , 0.00G,999.9,100000,
723150,03812, 20000107,   36.6,24,   24.7,24,1028.5,24,9999.9, 0,     9.9,24,    8.2,24,   17.1,   23.9,   50.0*,   27.0*, 0.00D,999.9,000000,
723150,03812, 20000108,   35.7,24,   23.5,24,1027.5,24,9999.9, 0,     9.9,24,    3.4,24,    8.9,  999.9,   50.0 ,   24.1 , 0.00C,999.9,000000,
723150,03812, 20000109,   42.5,24,   30.9,24,1018.9,21,9999.9, 0,     6.6,24,    4.2,24,    8.9,  999.9,   50.0 ,   24.1 , 0.44D,999.9,110000,
723150,03812, 20000110,   52.8,24,   34.1,24,1008.5,21,9999.9, 0,     5.7,24,    6.5,24,   17.1,   27.0,   60.8*,   46.4*, 1.42G,999.9,110010,
723150,03812, 20000111,   46.5,24,   24.1,24,1013.2,23,9999.9, 0,    10.0,24,    6.5,24,   25.1,   33.0,   64.9 ,   28.9 , 0.03G,999.9,000000,
723150,03812, 20000112,   44.7,24,   24.9,24,1021.3,24,9999.9, 0,     9.9,24,    4.4,24,   11.1,  999.9,   66.0 ,   28.0 , 0.00G,999.9,000000,
723150,03812, 20000113,   53.7,24,   35.0,24,1017.6,24,9999.9, 0,     9.9,24,   10.6,24,   24.1,   34.0,   66.0 ,   28.0 , 0.08D,999.9,010000,
723150,03812, 20000114,   31.5,24,   12.7,24,1032.7,24,9999.9, 0,     9.9,24,   16.4,24,   28.9,   37.9,   41.0*,   24.1*, 0.00H,999.9,001000,
723150,03812, 20000115,   29.4,24,   13.3,24,1037.0,24,9999.9, 0,     9.9,24,    3.3,24,    8.0,  999.9,   50.0 ,   15.1 , 0.00I,999.9,000000,
723150,03812, 20000116,   38.6,24,   23.9,24,1028.7,24,9999.9, 0,     8.8,24,    5.2,24,   10.1,  999.9,   50.0 ,   15.1 , 0.00H,999.9,010000,
723150,03812, 20000117,   44.3,24,   24.9,24,1026.3,24,9999.9, 0,     9.6,24,    6.4,24,    8.9,   15.0,   52.0 ,   27.0 , 0.03A,999.9,000000,
723150,03812, 20000118,   35.0,24,   25.8,24,1018.8,22,9999.9, 0,     7.1,24,    8.6,24,   19.0,   23.9,   52.0 ,   30.0 , 0.21G,999.9,111000,
723150,03812, 20000119,   36.1,24,   25.9,24,1015.6,24,9999.9, 0,     9.9,24,   12.2,24,   20.0,   27.0,   45.0 ,   30.0 , 0.01G,999.9,000000,
723150,03812, 20000120,   35.4,24,   27.7,24,1005.6,17,9999.9, 0,     8.0,24,   17.7,24,   34.0,   42.9,   42.1*,   26.6*, 0.14G,999.9,111000,
723150,03812, 20000121,   21.8,24,    6.8,24,1016.3,24,9999.9, 0,     9.9,24,   16.2,24,   25.1,   32.1,   39.9 ,   14.0 , 0.01G,999.9,000000,
723150,03812, 20000122,   21.6,24,   11.5,24,1021.3,19,9999.9, 0,     7.4,24,    7.2,24,   14.0,  999.9,   28.9 ,   14.0 , 0.00G,999.9,101000,
723150,03812, 20000123,   29.6,24,   27.3,24,1016.3,18,9999.9, 0,     5.9,24,    4.3,24,    8.9,  999.9,   36.0 ,   18.0 , 0.03B,999.9,111000,
723150,03812, 20000124,   33.8,24,   30.5,24,1013.3,22,9999.9, 0,     7.9,24,   10.8,24,   22.0,   29.9,   36.0 ,   25.0 , 0.00I,999.9,100000,
723150,03812, 20000125,   25.1,24,   15.8,24,1007.4,22,9999.9, 0,     9.7,24,   18.4,24,   27.0,   30.9,   36.0 ,   18.0 , 0.00I,999.9,000000,
723150,03812, 20000126,   19.9,24,   10.2,24,1012.8,23,9999.9, 0,     9.5,24,   16.6,24,   22.9,   32.1,   30.0 ,   17.1 , 0.00H,999.9,001000,
723150,03812, 20000127,   19.5,24,    5.8,24,1024.8,23,9999.9, 0,    10.0,24,   14.6,24,   22.0,   27.0,   30.2*,   12.2*, 0.00A,999.9,000000,
723150,03812, 20000128,   23.6,24,    6.8,24,1032.1,24,9999.9, 0,     9.9,24,    4.7,24,   12.0,  999.9,   37.9 ,   12.0 , 0.00I,999.9,000000,
723150,03812, 20000129,   30.0,24,   16.7,24,1031.9,21,9999.9, 0,     8.8,24,    5.0,24,   10.1,  999.9,   37.9 ,   14.0 , 0.18C,999.9,011000,
723150,03812, 20000130,   28.9,24,   27.7,24,1023.7,18,9999.9, 0,     3.4,24,    5.9,24,    9.9,  999.9,   34.0 ,   26.1 , 0.09B,999.9,111000,
723150,03812, 20000131,   27.6,24,   21.5,24,1018.5,23,9999.9, 0,     9.5,24,   10.1,24,   15.0,   22.0,   33.1*,   21.2*, 0.00H,999.9,001000,
723150,03812, 20000201,   27.2,24,   19.5,24,1019.6,24,9999.9, 0,    10.0,24,   10.3,24,   17.1,   22.9,   39.0 ,   19.9 , 0.00I,999.9,000000,
723150,03812, 20000202,   29.7,24,   16.0,24,1025.0,22,9999.9, 0,    10.0,24,   12.0,24,   17.1,   22.9,   43.0 ,   19.9 , 0.00I,999.9,000000,
723150,03812, 20000203,   32.2,24,   15.9,24,1018.1,24,9999.9, 0,     9.9,24,    4.0,24,    9.9,  999.9,   55.9 ,   18.0 , 0.00I,999.9,000000,
723150,03812, 20000204,   35.6,24,   22.4,24,1012.1,24,9999.9, 0,     9.9,24,    7.2,24,   19.0,   22.0,   55.9 ,   18.0 , 0.00H,999.9,001000,
723150,03812, 20000205,   29.5,24,   20.2,24,1022.8,21,9999.9, 0,     8.9,24,   13.9,24,   26.0,   33.0,   35.1*,   26.6*, 0.06D,999.9,101000,
723150,03812, 20000206,   33.8,24,   16.8,24,1027.7,24,9999.9, 0,     9.9,24,    6.9,24,   12.0,  999.9,   48.9 ,   25.0 , 0.00I,999.9,000000,
723150,03812, 20000207,   39.7,24,   19.1,24,1024.2,24,9999.9, 0,     9.9,24,    4.9,24,    8.9,  999.9,   55.0 ,   25.0 , 0.00I,999.9,000000,
723150,03812, 20000208,   36.5,24,   27.4,24,1026.6,24,9999.9, 0,     9.2,24,    3.1,24,    8.0,  999.9,   55.0 ,   27.0 , 0.00I,999.9,000000,
723150,03812, 20000209,   36.4,24,   27.1,24,1025.3,23,9999.9, 0,     7.0,24,    1.8,24,    8.0,  999.9,   57.0*,   21.2*, 0.00I,999.9,100000,
723150,03812, 20000210,   41.8,24,   29.9,24,1017.4,24,9999.9, 0,     8.4,24,    3.7,24,    8.9,  999.9,   63.0 ,   21.9 , 0.00I,999.9,100000,
723150,03812, 20000211,   50.0,24,   37.9,24,1011.9,24,9999.9, 0,     9.6,24,    4.8,24,   13.0,   14.0,   66.9 ,   28.9 , 0.00I,999.9,100000,
723150,03812, 20000212,   45.4,24,   44.5,24,1015.7,17,9999.9, 0,     6.0,24,    4.4,24,   12.0,  999.9,   66.9 ,   36.0 , 0.23G,999.9,110010,
723150,03812, 20000213,   36.5,24,   36.0,24,1019.1,21,9999.9, 0,     1.1,24,    7.3,24,   10.1,  999.9,   48.0 ,   33.1 , 0.57G,999.9,110000,
723150,03812, 20000214,   46.0,24,   41.6,24,1009.0,19,9999.9, 0,     7.3,24,    6.2,24,   22.0,   32.1,   60.1 ,   33.1 , 0.92G,999.9,110010,
723150,03812, 20000215,   43.6,24,   29.0,24,1019.3,22,9999.9, 0,    10.0,24,   10.2,23,   18.1,   25.1,   60.1 ,   33.1 , 0.00G,999.9,000000,
723150,03812, 20000216,   52.0,24,   35.1,24,1020.3,24,9999.9, 0,    10.0,24,    6.3,24,   15.0,   21.0,   70.0 ,   33.1 , 0.00I,999.9,000000,
723150,03812, 20000217,   48.6,24,   33.4,24,1024.8,24,9999.9, 0,     9.9,24,    8.8,24,   14.0,   18.1,   70.0 ,   37.0 , 0.00I,999.9,000000,
723150,03812, 20000218,   43.6,24,   38.9,24,1024.2,22,9999.9, 0,     7.6,24,    8.8,24,   14.0,   20.0,   55.0*,   35.6*, 0.08G,999.9,110000,
723150,03812, 20000219,   52.2,24,   48.0,24,1015.6,20,9999.9, 0,     8.1,24,   12.4,24,   21.0,   28.9,   59.0*,   35.6*, 0.03G,999.9,110000,
723150,03812, 20000220,   36.3,24,   26.2,24,1025.5,24,9999.9, 0,    10.0,24,   14.6,24,   21.0,   28.0,   45.0*,   30.2*, 0.00G,999.9,000000,
723150,03812, 20000221,   37.8,24,   22.5,24,1029.8,24,9999.9, 0,     9.9,24,    9.6,24,   15.0,   20.0,   55.0 ,   28.9 , 0.00I,999.9,000000,
723150,03812, 20000222,   36.8,24,   26.3,24,1031.4,24,9999.9, 0,     9.4,24,    2.1,24,    8.0,  999.9,   55.0 ,   26.1 , 0.00H,999.9,010000,
723150,03812, 20000223,   46.2,24,   30.8,24,1030.9,24,9999.9, 0,     9.9,24,    4.7,24,   11.1,  999.9,   60.1 ,   26.1 , 0.00I,999.9,000000,
723150,03812, 20000224,   48.8,24,   39.3,24,1028.4,21,9999.9, 0,     9.8,24,    5.2,24,   14.0,   18.1,   64.9 ,   34.0 , 0.00I,999.9,000000,
723150,03812, 20000225,   53.7,24,   44.4,24,1025.5,21,9999.9, 0,     6.1,24,    3.7,23,    8.9,  999.9,   72.0 ,   37.0 , 0.00I,999.9,100000,
723150,03812, 20000226,   52.9,24,   43.7,24,1025.0,23,9999.9, 0,     9.3,24,    5.0,24,   15.9,   20.0,   66.9*,   37.4*, 0.00I,999.9,100000,
723150,03812, 20000227,   56.6,24,   50.4,24,1021.1,22,9999.9, 0,     8.3,24,    8.0,24,   14.0,   18.1,   68.0 ,   37.9 , 0.50C,999.9,110000,
723150,03812, 20000228,   47.5,24,   32.8,24,1022.8,24,9999.9, 0,     9.9,24,   10.8,24,   20.0,   22.9,   59.0 ,   39.9 ,99.99 ,999.9,010000,
723150,03812, 20000229,   44.6,24,   28.5,24,1025.0,24,9999.9, 0,     9.7,24,    4.0,24,   13.0,  999.9,   63.0 ,   28.0 , 0.00I,999.9,100000,
723150,03812, 20000301,   51.3,24,   35.0,24,1018.7,24,9999.9, 0,    10.0,24,    4.5,24,   14.0,   22.9,   71.1 ,   28.0 , 0.00I,999.9,000000,
723150,03812, 20000302,   51.0,24,   32.6,24,1014.8,24,9999.9, 0,     9.9,24,   12.5,24,   19.0,   25.1,   71.1 ,   33.1 , 0.00I,999.9,000000,
723150,03812, 20000303,   46.9,24,   26.6,24,1015.3,24,9999.9, 0,     9.9,24,    6.4,24,   11.1,  999.9,   63.0 ,   36.0 , 0.00A,999.9,000000,
723150,03812, 20000304,   47.7,24,   36.1,24,1009.3,22,9999.9, 0,     9.6,24,    4.4,24,   17.1,   20.0,   63.0 ,   36.0 , 0.01B,999.9,110000,
723150,03812, 20000305,   49.4,24,   29.3,24,1015.2,24,9999.9, 0,    10.0,24,    7.2,24,   15.0,   19.0,   66.0 ,   30.9 , 0.00I,999.9,000000,
723150,03812, 20000306,   50.3,24,   30.9,24,1020.7,24,9999.9, 0,     9.9,24,    1.5,24,    6.0,  999.9,   71.1 ,   30.9 , 0.00I,999.9,000000,
723150,03812, 20000307,   53.6,24,   33.8,24,1024.4,24,9999.9, 0,     9.9,24,    2.5,24,   12.0,  999.9,   75.9 ,   30.9 , 0.00I,999.9,000000,
723150,03812, 20000308,   57.7,24,   37.6,24,1020.9,24,9999.9, 0,     9.9,24,    4.3,24,   11.1,  999.9,   78.1 ,   33.1 , 0.00I,999.9,000000,
723150,03812, 20000309,   59.0,24,   44.5,24,1015.3,24,9999.9, 0,     9.7,24,    4.0,24,   11.1,   16.9,   78.1 ,   37.0 , 0.00A,999.9,000000,
723150,03812, 20000310,   57.6,24,   45.7,24,1016.2,24,9999.9, 0,     9.5,24,    2.4,24,   10.1,  999.9,   73.9 ,   39.9 , 0.03A,999.9,000000,
723150,03812, 20000311,   58.7,24,   53.3,24,1012.1,17,9999.9, 0,     8.1,24,    7.6,24,   15.9,   21.0,   72.0 ,   41.0 , 0.62G,999.9,110010,
723150,03812, 20000312,   39.3,24,   31.6,24,1013.7,22,9999.9, 0,     9.7,24,   15.1,24,   25.1,   35.0,   64.9 ,   32.0 , 0.38G,999.9,011000,
723150,03812, 20000313,   35.8,24,   21.4,24,1024.8,24,9999.9, 0,     9.9,24,    7.0,24,   15.9,   25.1,   51.1 ,   23.0 , 0.00G,999.9,000000,
723150,03812, 20000314,   40.8,24,   25.3,24,1025.7,24,9999.9, 0,     9.7,24,    2.3,24,    8.9,  999.9,   61.0 ,   23.0 , 0.00I,999.9,100000,
723150,03812, 20000315,   49.9,24,   33.6,24,1024.2,24,9999.9, 0,     9.9,24,    5.3,24,   12.0,   16.9,   66.0 ,   24.1 , 0.00I,999.9,000000,
723150,03812, 20000316,   51.5,24,   45.8,24,1019.1,20,9999.9, 0,     7.4,24,    3.8,24,    8.9,  999.9,   66.0 ,   39.0 , 0.65B,999.9,110000,
723150,03812, 20000317,   52.1,24,   46.4,24,1014.8,23,9999.9, 0,     9.0,24,   11.1,24,   18.1,   23.9,   57.9 ,   43.0 , 0.03A,999.9,110000,
723150,03812, 20000318,   37.9,24,   22.5,24,1027.7,24,9999.9, 0,    10.0,24,    7.1,24,   13.0,  999.9,   57.9 ,   28.0 , 0.00I,999.9,000000,
723150,03812, 20000319,   41.1,24,   30.5,24,1024.9,23,9999.9, 0,     9.8,24,    7.3,24,   11.1,   16.9,   48.0 ,   28.0 , 0.04A,999.9,110000,
723150,03812, 20000320,   47.1,24,   45.3,24,1014.5,19,9999.9, 0,     5.9,24,    7.5,24,   14.0,   25.1,   57.0 ,   37.9 , 1.99G,999.9,110000,
723150,03812, 20000321,   50.3,24,   44.1,24,1019.9,18,9999.9, 0,     8.7,24,    4.3,24,   13.0,   15.9,   61.0 ,   42.1 , 0.01G,999.9,100000,
723150,03812, 20000322,   51.4,24,   40.1,24,1024.0,24,9999.9, 0,     9.8,24,   10.6,24,   19.0,   23.9,   64.0 ,   39.9 , 0.00G,999.9,000000,
723150,03812, 20000323,   51.1,24,   42.3,24,1024.6,24,9999.9, 0,     9.3,24,    3.4,24,   11.1,  999.9,   66.0 ,   35.1 , 0.00I,999.9,100000,
723150,03812, 20000324,   53.1,24,   43.2,24,1022.3,24,9999.9, 0,     9.7,24,    2.7,24,   10.1,  999.9,   71.1 ,   35.1 , 0.00I,999.9,100000,
723150,03812, 20000325,   57.4,24,   46.7,24,1018.6,24,9999.9, 0,     9.8,24,    2.5,24,   11.1,  999.9,   72.0 ,   37.0 , 0.00H,999.9,010000,
723150,03812, 20000326,   58.7,24,   40.3,24,1013.6,24,9999.9, 0,    10.0,24,    8.7,24,   16.9,   25.1,   72.0 ,   41.0 , 0.03A,999.9,000000,
723150,03812, 20000327,   48.0,24,   41.1,24,1003.3,24,9999.9, 0,     9.7,24,    4.4,24,   15.0,   21.0,   69.1 ,   37.0 , 0.12B,999.9,010000,
723150,03812, 20000328,   48.4,24,   31.6,24, 997.9,24,9999.9, 0,    10.0,24,    9.6,24,   22.9,   32.1,   64.0 ,   30.9 , 0.01A,999.9,010000,
723150,03812, 20000329,   44.7,24,   25.6,24,1009.5,24,9999.9, 0,     9.9,24,    7.1,24,   15.0,   22.9,   64.0 ,   30.9 , 0.00H,999.9,010000,
723150,03812, 20000330,   51.2,24,   43.3,24,1012.3,24,9999.9, 0,     9.9,24,    4.3,24,   13.0,   21.0,   64.9 ,   33.1 , 0.03C,999.9,010000,
723150,03812, 20000331,   55.7,24,   47.0,24,1015.8,24,9999.9, 0,     9.9,24,    5.9,24,   12.0,  999.9,   66.9 ,   43.0 , 0.01A,999.9,010000,
723150,03812, 20000401,   55.4,24,   44.3,24,1021.7,24,9999.9, 0,     9.4,24,    4.0,24,   13.0,   15.0,   70.0 ,   37.9 , 0.00I,999.9,100000,
723150,03812, 20000402,   57.3,24,   51.3,24,1019.4,19,9999.9, 0,     9.0,24,    8.3,24,   15.0,   26.0,   70.0 ,   37.9 , 0.17G,999.9,110000,
723150,03812, 20000403,   59.7,24,   57.4,24,1013.9,17,9999.9, 0,     7.1,24,    7.1,24,   15.9,   21.0,   66.9 ,   52.0 , 1.02G,999.9,110010,
723150,03812, 20000404,   50.9,24,   44.4,24,1007.4,20,9999.9, 0,     9.2,24,   10.4,24,   19.0,   26.0,   64.0*,   33.8*, 1.00G,999.9,111000,
723150,03812, 20000405,   42.8,24,   20.0,24,1016.5,24,9999.9, 0,     9.6,24,   10.5,24,   18.1,   22.9,   60.1 ,   34.0 , 0.01G,999.9,001000,
723150,03812, 20000406,   54.2,24,   35.9,24,1013.6,24,9999.9, 0,     9.9,24,    3.6,24,   11.1,   16.9,   81.0 ,   34.0 , 0.00G,999.9,000000,
723150,03812, 20000407,   59.6,24,   45.0,24,1013.4,24,9999.9, 0,     9.9,24,    3.6,24,   15.9,   21.0,   81.0 ,   34.0 , 0.00I,999.9,000000,
723150,03812, 20000408,   52.6,24,   42.7,24,1008.5,21,9999.9, 0,     9.9,24,   12.6,24,   29.9,   35.9,   66.0*,   35.6*, 0.07B,999.9,111000,
723150,03812, 20000409,   38.6,22,   20.5,22,1019.2,22,9999.9, 0,     9.8,22,   14.4,22,   24.1,   30.9,   60.1 ,   30.9 , 0.03B,999.9,011000,
723150,03812, 20000410,   48.8,24,   26.3,24,1022.6,22,9999.9, 0,     9.9,24,    6.3,24,   18.1,   28.0,   70.0 ,   30.0 , 0.00I,999.9,000000,
723150,03812, 20000411,   58.0,24,   36.1,24,1022.1,24,9999.9, 0,     9.9,24,    7.3,24,   15.0,   20.0,   70.0 ,   30.0 ,99.99 ,999.9,010000,
723150,03812, 20000412,   58.7,24,   46.6,24,1022.1,22,9999.9, 0,    10.0,24,    8.1,24,   19.0,   20.0,   69.1 ,   42.1 , 0.00H,999.9,010000,
723150,03812, 20000413,   44.7,24,   40.1,24,1026.2,23,9999.9, 0,     6.2,24,    5.3,24,   19.0,  999.9,   66.0 ,   37.0 , 0.36G,999.9,110000,
723150,03812, 20000414,   45.2,24,   42.7,24,1024.1,20,9999.9, 0,     6.9,24,    1.7,24,    4.1,  999.9,   53.6*,   39.2*, 0.00G,999.9,110000,
723150,03812, 20000415,   52.8,24,   51.3,24,1018.2,19,9999.9, 0,     2.9,24,    2.3,24,    7.0,  999.9,   60.8*,   48.2*, 0.25C,999.9,110000,
723150,03812, 20000416,   58.8,24,   52.5,24,1017.6,19,9999.9, 0,     5.0,24,    3.3,24,   11.1,   14.0,   73.9 ,   48.0 , 0.00I,999.9,100000,
723150,03812, 20000417,   59.7,24,   52.7,24,1011.7,23,9999.9, 0,     7.7,24,    4.8,24,   17.1,   26.0,   75.0 ,   46.9 , 0.01G,999.9,100000,
723150,03812, 20000418,   51.1,24,   44.7,24,1011.3,20,9999.9, 0,     9.7,24,   13.2,24,   19.0,   26.0,   57.2*,   46.0*, 0.04G,999.9,110000,
723150,03812, 20000419,   58.7,24,   45.8,24,1015.4,22,9999.9, 0,     9.6,24,    9.1,24,   15.9,   19.0,   78.1 ,   46.0 , 0.00G,999.9,000000,
723150,03812, 20000420,   62.0,24,   49.6,24,1015.4,24,9999.9, 0,     9.7,24,    7.0,24,   18.1,   22.9,   78.1 ,   46.9 , 0.00I,999.9,100000,
723150,03812, 20000421,   60.2,24,   46.4,24,1005.7,24,9999.9, 0,    10.0,24,   11.1,24,   15.9,   22.0,   69.1*,   46.4*, 0.01G,999.9,010010,
723150,03812, 20000422,   44.0,24,   37.5,24,1008.4,22,9999.9, 0,    10.0,24,   12.7,24,   18.1,   25.1,   51.1*,   39.2*, 0.00G,999.9,000000,
723150,03812, 20000423,   50.8,24,   37.5,24,1010.9,24,9999.9, 0,     9.8,24,    5.8,24,   12.0,   16.9,   66.0 ,   36.0 , 0.00I,999.9,000000,
723150,03812, 20000424,   51.3,24,   44.8,24,1009.0,23,9999.9, 0,     8.9,24,    3.4,24,   12.0,  999.9,   66.0 ,   36.0 , 0.21B,999.9,110000,
723150,03812, 20000425,   49.4,24,   47.6,24,1006.5,17,9999.9, 0,     6.5,24,    3.7,24,   12.0,  999.9,   57.0 ,   44.1 , 0.35D,999.9,110000,
723150,03812, 20000426,   51.7,24,   42.6,24,1014.3,24,9999.9, 0,     9.5,24,    4.5,24,   12.0,   15.0,   61.0*,   42.8*, 0.01B,999.9,110000,
723150,03812, 20000427,   50.3,24,   32.7,24,1014.1,24,9999.9, 0,     9.9,24,    5.3,24,   12.0,  999.9,   66.9 ,   32.0 , 0.00I,999.9,000000,
723150,03812, 20000428,   51.9,24,   43.8,24,1008.7,24,9999.9, 0,     7.9,24,    7.1,24,   13.0,  999.9,   66.9 ,   32.0 , 0.80G,999.9,110000,
723150,03812, 20000429,   53.0,24,   42.0,24,1014.4,21,9999.9, 0,     8.3,24,    4.7,24,   15.0,   18.1,   68.0 ,   39.0 , 0.08G,999.9,100000,
723150,03812, 20000430,   56.3,24,   40.2,24,1020.9,24,9999.9, 0,     9.5,24,    5.5,24,   11.1,  999.9,   73.9 ,   37.0 , 0.00G,999.9,100000,
723150,03812, 20000501,   57.9,24,   42.9,24,1020.2,24,9999.9, 0,     9.7,24,    5.2,24,   15.9,   23.9,   75.2*,   39.0*, 0.00I,999.9,000000,
723150,03812, 20000502,   65.8,24,   52.7,24,1016.0,24,9999.9, 0,     9.8,24,    5.5,24,   12.0,   15.0,   75.9*,   54.0*, 0.00I,999.9,000000,
723150,03812, 20000503,   61.8,24,   57.1,24,1021.0,22,9999.9, 0,     6.4,24,    3.4,24,   12.0,   15.0,   75.9 ,   50.0 , 0.00H,999.9,110000,
723150,03812, 20000504,   62.9,24,   59.0,24,1024.1,22,9999.9, 0,     5.2,24,    3.4,24,    8.0,  999.9,   72.0 ,   50.0 , 0.06G,999.9,110000,
723150,03812, 20000505,   62.5,24,   55.3,24,1024.2,23,9999.9, 0,     5.5,24,    2.4,24,   11.1,  999.9,   77.0 ,   51.1 , 0.01G,999.9,100000,
723150,03812, 20000506,   66.3,24,   55.9,24,1022.3,24,9999.9, 0,     9.0,24,    3.8,24,   12.0,  999.9,   82.0 ,   51.1 , 0.00G,999.9,100000,
723150,03812, 20000507,   66.7,24,   56.2,24,1019.6,22,9999.9, 0,     7.5,24,    3.0,24,   10.1,  999.9,   82.0 ,   51.1 , 0.00I,999.9,100000,
723150,03812, 20000508,   66.8,24,   57.0,24,1016.9,24,9999.9, 0,     8.7,24,    3.7,24,   13.0,   18.1,   82.0 ,   51.1 , 0.00I,999.9,100000,
723150,03812, 20000509,   68.2,24,   57.6,24,1013.2,24,9999.9, 0,     8.2,24,    4.8,24,   12.0,   18.1,   82.0 ,   52.0 , 0.00I,999.9,100000,
723150,03812, 20000510,   67.4,24,   55.6,24,1010.5,22,9999.9, 0,     9.3,24,    5.8,24,   21.0,   23.9,   82.0 ,   52.0 , 0.01B,999.9,010010,
723150,03812, 20000511,   63.5,24,   50.2,24,1014.9,24,9999.9, 0,     9.9,24,    5.8,24,   13.0,   16.9,   80.1 ,   46.0 , 0.00I,999.9,000000,
723150,03812, 20000512,   69.9,24,   58.4,24,1012.9,24,9999.9, 0,     9.1,24,    4.3,24,   12.0,   15.0,   87.1 ,   46.0 , 0.00I,999.9,100000,
723150,03812, 20000513,   73.2,24,   63.0,24,1010.7,24,9999.9, 0,     8.0,24,    6.1,24,   17.1,   23.9,   87.1 ,   54.0 , 0.01G,999.9,110010,
723150,03812, 20000514,   65.2,24,   47.9,24,1016.3,24,9999.9, 0,    10.0,24,   11.4,24,   18.1,   26.0,   84.9 ,   57.0 , 0.00G,999.9,000000,
723150,03812, 20000515,   60.1,24,   35.2,24,1020.5,24,9999.9, 0,    10.0,24,   10.9,24,   14.0,   20.0,   73.0 ,   50.0 , 0.00I,999.9,000000,
723150,03812, 20000516,   55.4,24,   39.9,24,1021.5,24,9999.9, 0,     9.9,24,    4.0,24,   11.1,   15.9,   72.0 ,   37.9 , 0.00I,999.9,000000,
723150,03812, 20000517,   61.7,24,   50.6,24,1019.6,24,9999.9, 0,     9.1,24,    3.2,24,    8.9,  999.9,   78.1 ,   37.9 , 0.00I,999.9,100000,
723150,03812, 20000518,   70.1,24,   58.7,24,1020.0,24,9999.9, 0,     8.2,24,    7.0,24,   14.0,   22.9,   82.0 ,   46.9 , 0.00I,999.9,000000,
723150,03812, 20000519,   74.9,23,   56.7,23,1017.6,22,9999.9, 0,     9.3,23,    3.7,23,   11.1,   18.1,   88.0 ,   61.0 , 0.00I,999.9,000000,
723150,03812, 20000520,   70.8,24,   59.8,24,1015.7,20,9999.9, 0,     7.8,24,    4.4,23,   11.1,   20.0,   88.0 ,   63.0 , 0.05G,999.9,110000,
723150,03812, 20000521,   66.4,24,   60.4,24,1014.8,24,9999.9, 0,     8.1,24,    4.4,24,   11.1,  999.9,   82.9 ,   60.1 , 0.20G,999.9,110000,
723150,03812, 20000522,   65.1,24,   55.6,24,1011.8,20,9999.9, 0,     7.4,24,    7.6,24,   17.1,   22.0,   75.9 ,   59.0 , 0.14G,999.9,110000,
723150,03812, 20000523,   61.6,24,   53.5,24,1010.3,24,9999.9, 0,     7.7,24,    3.1,24,    8.9,  999.9,   80.1 ,   50.0 , 0.00G,999.9,110000,
723150,03812, 20000524,   67.8,24,   63.0,24,1007.5,19,9999.9, 0,     6.2,24,    2.3,24,    8.0,  999.9,   82.0 ,   50.0 , 0.55G,999.9,110010,
723150,03812, 20000525,   69.4,24,   63.8,24,1008.8,22,9999.9, 0,     7.0,24,    4.6,24,   22.0,   39.0,   82.0 ,   60.1 , 0.11G,999.9,110010,
723150,03812, 20000526,   65.7,24,   59.6,24,1014.4,23,9999.9, 0,     7.3,24,    5.2,22,   12.0,  999.9,   80.1 ,   55.9 , 0.12G,999.9,100000,
723150,03812, 20000527,   73.7,24,   62.0,24,1014.5,24,9999.9, 0,     8.5,24,    4.5,24,   11.1,   19.0,   88.0 ,   55.9 , 0.00G,999.9,100000,
723150,03812, 20000528,   71.6,24,   60.4,24,1009.2,24,9999.9, 0,     9.5,24,    5.0,24,   13.0,   23.9,   88.0 ,   61.0 , 0.01C,999.9,110000,
723150,03812, 20000529,   62.7,24,   53.7,24,1010.0,24,9999.9, 0,     9.6,24,   10.0,24,   15.9,   22.0,   81.0 ,   55.9 , 0.03G,999.9,110000,
723150,03812, 20000530,   62.3,24,   52.7,24,1018.1,23,9999.9, 0,     9.9,24,    4.7,23,    8.0,  999.9,   75.0 ,   53.1 , 0.00G,999.9,010000,
723150,03812, 20000531,   66.1,24,   53.4,24,1021.5,24,9999.9, 0,     9.9,24,    5.2,24,   13.0,   16.9,   81.0 ,   50.0 , 0.00I,999.9,000000,
723150,03812, 20000601,   71.1,24,   60.2,24,1021.5,23,9999.9, 0,     7.3,24,    4.5,24,   15.0,   21.0,   86.0 ,   50.0 , 0.00I,999.9,100000,
723150,03812, 20000602,   74.5,24,   63.2,24,1020.1,22,9999.9, 0,     6.9,24,    7.0,24,   14.0,   19.0,   86.0 ,   55.0 , 0.00I,999.9,100000,
723150,03812, 20000603,   72.2,24,   62.2,24,1017.8,23,9999.9, 0,     7.0,24,    7.1,24,   14.0,   15.0,   86.0 ,   62.1 , 0.19A,999.9,110010,
723150,03812, 20000604,   67.1,24,   64.6,24,1016.7,22,9999.9, 0,     3.2,24,    3.3,24,    8.9,  999.9,   84.9 ,   62.1 , 0.01B,999.9,100000,
723150,03812, 20000605,   67.4,24,   64.1,24,1014.0,21,9999.9, 0,     5.6,24,    2.4,24,    7.0,  999.9,   73.0 ,   62.1 , 0.27C,999.9,110000,
723150,03812, 20000606,   61.7,24,   54.1,24,1014.1,22,9999.9, 0,     8.0,24,   10.5,24,   21.0,   28.0,   66.9*,   55.4*, 0.00I,999.9,100000,
723150,03812, 20000607,   60.7,24,   42.4,24,1021.9,24,9999.9, 0,    10.0,24,   10.8,24,   21.0,   28.9,   75.0 ,   51.1 , 0.00I,999.9,000000,
723150,03812, 20000608,   61.3,24,   49.0,24,1023.4,24,9999.9, 0,     9.9,24,    2.8,24,    8.0,  999.9,   78.1 ,   44.1 , 0.00I,999.9,000000,
723150,03812, 20000609,   67.5,24,   54.2,24,1022.4,24,9999.9, 0,     7.5,24,    3.6,24,    8.9,  999.9,   84.9 ,   44.1 , 0.00I,999.9,100000,
723150,03812, 20000610,   69.5,24,   57.2,24,1022.3,24,9999.9, 0,     7.6,24,    2.8,24,    8.9,   14.0,   84.9 ,   50.0 , 0.00I,999.9,000000,
723150,03812, 20000611,   71.1,24,   59.4,24,1022.1,24,9999.9, 0,     8.0,24,    2.3,24,    7.0,  999.9,   86.0 ,   53.1 , 0.00I,999.9,100000,
723150,03812, 20000612,   74.3,24,   61.1,24,1021.7,24,9999.9, 0,     7.1,24,    2.1,24,    8.0,  999.9,   88.0 ,   55.9 , 0.00I,999.9,100000,
723150,03812, 20000613,   73.7,24,   62.5,24,1019.8,23,9999.9, 0,     7.1,24,    1.4,24,    8.0,  999.9,   88.0 ,   59.0 , 0.00I,999.9,100000,
723150,03812, 20000614,   76.1,24,   64.8,24,1018.0,24,9999.9, 0,     9.2,24,    5.7,24,   15.9,   21.0,   89.1 ,   59.0 , 0.02G,999.9,100000,
723150,03812, 20000615,   75.9,24,   64.4,24,1015.1,23,9999.9, 0,     9.7,24,    4.7,24,   15.9,   25.1,   89.1 ,   64.0 , 0.00G,999.9,110010,
723150,03812, 20000616,   72.4,24,   66.0,24,1015.6,24,9999.9, 0,     9.3,24,    7.2,24,   14.0,   20.0,   87.1 ,   64.0 , 0.01G,999.9,110010,
723150,03812, 20000617,   71.2,24,   66.5,24,1019.7,22,9999.9, 0,     9.1,24,    4.3,24,   10.1,   15.0,   82.0*,   64.4*, 0.11G,999.9,110010,
723150,03812, 20000618,   72.9,24,   66.6,24,1020.8,23,9999.9, 0,     7.9,24,    3.4,23,   23.9,   40.0,   84.2*,   64.4*, 0.00G,999.9,110010,
723150,03812, 20000619,   71.4,24,   67.8,24,1020.9,22,9999.9, 0,     8.3,24,    2.5,24,    8.0,  999.9,   84.9 ,   64.9 , 0.74G,999.9,110000,
723150,03812, 20000620,   69.9,23,   66.4,23,1021.3,11,9999.9, 0,     5.8,23,    2.3,22,   12.0,   21.0,   81.0 ,   62.1 , 0.03G,999.9,110010,
723150,03812, 20000621,   73.5,24,   67.5,24,1016.9,14,9999.9, 0,     5.4,24,    3.1,24,   11.1,   19.0,   84.9 ,   66.0 , 0.00G,999.9,110000,
723150,03812, 20000622,   72.3,24,   66.6,24,1014.8,24,9999.9, 0,     9.0,24,    5.3,24,   12.0,  999.9,   84.9 ,   64.9 , 0.06G,999.9,110000,
723150,03812, 20000623,   70.1,24,   59.2,24,1017.9,23,9999.9, 0,     8.4,24,    4.2,24,   13.0,  999.9,   84.9 ,   55.0 , 0.03G,999.9,100000,
723150,03812, 20000624,   72.3,24,   60.1,24,1019.0,24,9999.9, 0,     9.7,24,    2.8,24,    7.0,  999.9,   86.0 ,   55.0 , 0.00G,999.9,000000,
723150,03812, 20000625,   70.6,24,   63.6,24,1018.3,24,9999.9, 0,     7.8,24,    2.7,24,   18.1,   23.9,   87.1 ,   57.9 , 0.34C,999.9,110000,
723150,03812, 20000626,   71.8,24,   64.9,24,1018.0,23,9999.9, 0,     5.8,24,    3.0,24,    8.9,  999.9,   87.1 ,   59.0 , 0.03A,999.9,100000,
723150,03812, 20000627,   69.9,24,   64.3,24,1018.8,19,9999.9, 0,     7.2,24,    3.1,22,   12.0,  999.9,   78.1*,   60.8*, 0.01G,999.9,110000,
723150,03812, 20000628,   71.4,24,   67.2,24,1016.9,24,9999.9, 0,     7.0,24,    3.7,24,   14.0,   22.9,   81.0 ,   61.0 , 0.10G,999.9,110010,
723150,03812, 20000629,   67.9,24,   63.2,24,1013.3,20,9999.9, 0,     6.1,24,    6.7,24,   13.0,  999.9,   81.0 ,   62.1 , 0.34G,999.9,110000,
723150,03812, 20000630,   66.1,24,   56.2,24,1015.9,24,9999.9, 0,     7.6,24,    4.5,24,    8.9,  999.9,   78.1*,   53.6*, 0.25G,999.9,100000,
723150,03812, 20000701,   68.2,24,   57.7,24,1017.4,24,9999.9, 0,     9.5,24,    3.2,24,    7.0,  999.9,   80.1 ,   54.0 , 0.00G,999.9,100000,
723150,03812, 20000702,   70.2,24,   61.4,24,1018.6,23,9999.9, 0,     6.3,24,    2.5,24,    7.0,  999.9,   81.0 ,   57.0 , 0.01G,999.9,110000,
723150,03812, 20000703,   71.1,24,   62.7,24,1019.5,24,9999.9, 0,     5.9,24,    2.5,24,    8.0,  999.9,   84.0 ,   57.9 , 0.00G,999.9,100000,
723150,03812, 20000704,   74.3,24,   64.7,24,1018.2,24,9999.9, 0,     6.2,24,    3.9,24,    8.9,  999.9,   87.1 ,   60.1 , 0.00A,999.9,100000,
723150,03812, 20000705,   72.6,24,   67.3,24,1015.4,22,9999.9, 0,     5.3,24,    3.1,24,   17.1,  999.9,   87.1 ,   62.1 , 0.01G,999.9,110010,
723150,03812, 20000706,   74.1,24,   68.1,24,1012.3,24,9999.9, 0,     7.3,24,    4.8,24,   13.0,  999.9,   87.1 ,   64.0 , 0.08G,999.9,110000,
723150,03812, 20000707,   73.9,24,   65.0,24,1013.9,24,9999.9, 0,     9.0,24,    5.7,24,   11.1,   14.0,   87.1 ,   64.9 , 0.14G,999.9,100000,
723150,03812, 20000708,   73.6,24,   64.7,24,1019.8,21,9999.9, 0,     6.7,24,    4.1,24,   10.1,  999.9,   81.0*,   64.4*, 0.00G,999.9,100000,
723150,03812, 20000709,   74.8,24,   65.7,24,1019.5,24,9999.9, 0,     5.9,24,    3.0,24,    8.9,  999.9,   89.1 ,   63.0 , 0.00I,999.9,100000,
723150,03812, 20000710,   78.1,24,   66.0,24,1016.0,24,9999.9, 0,     6.7,24,    3.8,24,   11.1,  999.9,   93.0 ,   63.0 , 0.00I,999.9,100000,
723150,03812, 20000711,   76.2,24,   64.4,24,1014.1,24,9999.9, 0,     8.2,24,    4.6,24,   13.0,  999.9,   93.0 ,   62.1 , 0.04C,999.9,110000,
723150,03812, 20000712,   72.9,24,   59.4,24,1014.2,24,9999.9, 0,     8.5,24,    4.8,24,   13.0,  999.9,   91.0 ,   62.1 , 0.05C,999.9,110000,
723150,03812, 20000713,   73.3,24,   65.6,24,1014.7,22,9999.9, 0,     7.1,24,    4.2,24,   10.1,  999.9,   82.9 ,   68.0 , 0.14B,999.9,110000,
723150,03812, 20000714,   74.6,24,   65.8,24,1012.4,19,9999.9, 0,     4.5,24,    5.3,23,   10.1,   15.0,   84.9 ,   66.0 , 0.01A,999.9,110000,
723150,03812, 20000715,   71.1,24,   59.1,24,1008.4,23,9999.9, 0,     7.9,24,    7.9,24,   15.0,   22.0,   84.9 ,   60.1 , 0.08G,999.9,110010,
723150,03812, 20000716,   71.5,24,   58.1,24,1009.4,24,9999.9, 0,     9.5,24,    6.0,24,   12.0,   15.9,   82.9 ,   59.0 , 0.00G,999.9,100000,
723150,03812, 20000717,   70.7,24,   57.0,24,1014.8,24,9999.9, 0,     9.7,24,    5.8,24,   11.1,   14.0,   84.0 ,   55.9 , 0.00I,999.9,100000,
723150,03812, 20000718,   70.8,24,   60.2,24,1017.6,24,9999.9, 0,     8.5,24,    3.2,24,    8.0,  999.9,   86.0 ,   55.9 , 0.00H,999.9,110000,
723150,03812, 20000719,   73.0,24,   65.1,24,1014.9,24,9999.9, 0,     6.7,24,    3.9,24,    8.9,   14.0,   89.1 ,   57.0 , 0.16B,999.9,110010,
723150,03812, 20000720,   74.8,24,   63.5,24,1012.5,24,9999.9, 0,     9.2,24,    8.9,24,   23.3,   36.9,   89.1 ,   61.0 , 0.00A,999.9,100000,
723150,03812, 20000721,   73.5,24,   62.1,24,1013.1,24,9999.9, 0,     9.4,24,    5.8,24,   12.0,   16.9,   84.9 ,   66.0 , 0.00A,999.9,000000,
723150,03812, 20000722,   71.0,24,   62.2,24,1014.9,24,9999.9, 0,     7.5,24,    3.4,24,   13.0,   20.0,   84.9 ,   64.0 , 0.08C,999.9,110000,
723150,03812, 20000723,   69.8,24,   65.0,24,1016.8,19,9999.9, 0,     5.6,24,    3.0,23,   12.0,  999.9,   82.9 ,   64.0 , 0.43C,999.9,110010,
723150,03812, 20000724,   66.3,24,   63.7,24,1016.2,21,9999.9, 0,     7.1,24,    2.0,23,    6.0,  999.9,   75.0 ,   64.0 , 0.11A,999.9,110010,
723150,03812, 20000725,   63.8,24,   60.5,24,1018.8,24,9999.9, 0,     6.8,24,    2.5,24,    5.1,  999.9,   73.0 ,   60.1 , 0.16C,999.9,110000,
723150,03812, 20000726,   68.4,24,   62.0,24,1020.2,20,9999.9, 0,     6.7,24,    3.2,23,   11.1,  999.9,   81.0 ,   60.1 , 0.27B,999.9,110000,
723150,03812, 20000727,   70.0,24,   64.9,24,1019.8,18,9999.9, 0,     4.3,24,    2.2,24,   11.1,  999.9,   81.0 ,   62.1 , 0.00H,999.9,110000,
723150,03812, 20000728,   72.0,24,   64.3,24,1017.7,20,9999.9, 0,     5.9,24,    2.6,24,    8.0,  999.9,   82.0*,   62.6*, 0.00I,999.9,100000,
723150,03812, 20000729,   69.5,24,   63.6,24,1016.3,22,9999.9, 0,     6.3,24,    3.0,24,    8.0,  999.9,   84.0 ,   57.9 , 0.01G,999.9,110010,
723150,03812, 20000730,   71.3,24,   66.1,24,1016.4,21,9999.9, 0,     6.8,24,    4.4,24,    8.9,  999.9,   82.0 ,   57.9 , 0.02G,999.9,110000,
723150,03812, 20000731,   70.2,24,   65.8,24,1017.6,18,9999.9, 0,     6.4,24,    3.9,23,   10.1,  999.9,   82.0 ,   64.0 , 0.28G,999.9,110010,
723150,03812, 20000801,   71.3,24,   66.1,24,1018.8,21,9999.9, 0,     7.5,24,    5.0,24,   10.1,  999.9,   82.0 ,   64.0 , 0.15G,999.9,110000,
723150,03812, 20000802,   69.4,24,   66.8,24,1018.4,18,9999.9, 0,     4.9,24,    4.1,24,    8.9,  999.9,   81.0 ,   66.0 , 0.30G,999.9,110000,
723150,03812, 20000803,   70.0,24,   66.6,24,1018.1,19,9999.9, 0,     6.7,24,    2.5,24,    7.0,  999.9,   79.0 ,   66.0 , 0.26G,999.9,110000,
723150,03812, 20000804,   70.3,24,   66.2,24,1018.3,20,9999.9, 0,     4.8,24,    3.7,24,   15.0,   21.0,   80.1 ,   64.0 , 0.29G,999.9,110010,
723150,03812, 20000805,   71.8,24,   64.3,24,1017.4,22,9999.9, 0,     6.5,24,    4.0,24,    8.0,  999.9,   82.0*,   62.6*, 0.10G,999.9,100000,
723150,03812, 20000806,   72.1,24,   66.5,24,1017.9,24,9999.9, 0,     5.5,24,    1.3,24,    6.0,  999.9,   84.0 ,   63.0 , 0.01G,999.9,100000,
723150,03812, 20000807,   76.0,24,   70.4,24,1019.2,20,9999.9, 0,     4.2,24,    3.1,24,   12.0,   14.0,   87.1 ,   63.0 , 0.00G,999.9,110010,
723150,03812, 20000808,   72.5,24,   68.9,24,1019.5,19,9999.9, 0,     4.4,24,    3.0,24,    9.9,   16.9,   87.1 ,   66.0 , 1.17G,999.9,110010,
723150,03812, 20000809,   75.9,24,   69.6,24,1018.4,22,9999.9, 0,     6.0,24,    4.3,24,   12.0,  999.9,   89.1 ,   66.0 , 0.12G,999.9,100000,
723150,03812, 20000810,   76.5,24,   66.2,24,1016.2,22,9999.9, 0,     8.4,24,    7.2,24,   23.9,   33.0,   89.1 ,   66.0 , 0.06G,999.9,110010,
723150,03812, 20000811,   72.7,24,   62.7,24,1014.7,24,9999.9, 0,     8.3,24,    8.3,24,   18.1,   22.9,   86.0 ,   64.9 , 0.00G,999.9,100000,
723150,03812, 20000812,   69.4,24,   56.9,24,1014.5,24,9999.9, 0,     9.6,24,    8.4,24,   18.1,   23.9,   81.0 ,   59.0 , 0.00I,999.9,100000,
723150,03812, 20000813,   66.2,24,   53.8,24,1014.6,24,9999.9, 0,     9.4,24,    6.8,24,   13.0,   16.9,   79.0 ,   55.0 , 0.00I,999.9,100000,
723150,03812, 20000814,   66.7,24,   55.7,24,1018.4,24,9999.9, 0,     9.4,24,    3.9,23,   10.1,   15.0,   81.0 ,   53.1 , 0.00I,999.9,100000,
723150,03812, 20000815,   68.7,24,   58.0,24,1021.9,24,9999.9, 0,     8.0,24,    5.0,24,   12.0,   16.9,   84.9 ,   53.1 , 0.00I,999.9,100000,
723150,03812, 20000816,   72.9,24,   63.2,24,1020.8,24,9999.9, 0,     9.4,24,    3.9,24,   10.1,  999.9,   90.0 ,   54.0 , 0.00I,999.9,100000,
723150,03812, 20000817,   74.5,24,   67.0,24,1018.0,23,9999.9, 0,     5.5,24,    4.0,24,    8.9,  999.9,   90.0 ,   57.9 , 0.00I,999.9,100000,
723150,03812, 20000818,   74.9,24,   68.7,24,1015.8,23,9999.9, 0,     3.8,24,    4.2,23,   35.9,   46.0,   91.0 ,   64.9 , 0.01G,999.9,110010,
723150,03812, 20000819,   71.6,24,   65.5,24,1017.7,24,9999.9, 0,     7.2,24,    3.8,24,    8.9,  999.9,   91.0 ,   64.0 , 0.86G,999.9,100000,
723150,03812, 20000820,   68.9,24,   63.6,24,1020.1,22,9999.9, 0,     6.1,24,    4.3,23,    8.0,  999.9,   73.9*,   62.6*, 0.00G,999.9,110000,
723150,03812, 20000821,   63.1,24,   59.8,24,1024.7,16,9999.9, 0,     3.7,24,    2.9,24,    6.0,  999.9,   71.1 ,   59.0 , 0.59G,999.9,110000,
723150,03812, 20000822,   64.5,24,   59.4,24,1026.5,24,9999.9, 0,     4.3,24,    2.5,24,    7.0,  999.9,   77.0 ,   55.0 , 0.00G,999.9,100000,
723150,03812, 20000823,   67.6,24,   62.3,24,1024.5,21,9999.9, 0,     4.5,24,    1.8,24,   13.0,  999.9,   82.0 ,   55.0 , 0.00A,999.9,100000,
723150,03812, 20000824,   70.7,24,   65.9,24,1020.5,21,9999.9, 0,     4.1,24,    3.8,24,   10.1,   16.9,   84.0 ,   57.9 , 0.01G,999.9,110010,
723150,03812, 20000825,   72.0,24,   63.9,24,1017.9,24,9999.9, 0,     7.9,24,    6.6,24,   13.0,   14.0,   84.0 ,   62.1 , 0.25G,999.9,100000,
723150,03812, 20000826,   69.4,24,   63.0,24,1016.5,24,9999.9, 0,     6.6,24,    3.4,24,    8.0,  999.9,   81.0*,   57.2*, 0.00G,999.9,100000,
723150,03812, 20000827,   69.2,24,   65.4,24,1014.6,23,9999.9, 0,     6.0,24,    3.0,24,   11.1,  999.9,   82.0 ,   57.9 , 0.12B,999.9,110000,
723150,03812, 20000828,   70.7,24,   62.2,24,1014.5,21,9999.9, 0,     8.0,24,    4.8,23,   12.0,   15.9,   82.9 ,   59.0 , 0.01A,999.9,100000,
723150,03812, 20000829,   70.7,24,   62.8,24,1016.4,24,9999.9, 0,     9.7,24,    2.2,24,    8.0,  999.9,   82.9 ,   59.0 , 0.00I,999.9,000000,
723150,03812, 20000830,   70.3,24,   62.6,24,1016.0,23,9999.9, 0,     9.2,24,    3.2,24,    7.0,  999.9,   81.0 ,   60.1 , 0.00A,999.9,100000,
723150,03812, 20000831,   70.2,24,   66.4,24,1014.4,23,9999.9, 0,     7.7,24,    3.8,23,    8.0,  999.9,   81.0 ,   60.1 , 0.25G,999.9,110000,
723150,03812, 20000901,   69.4,24,   66.5,24,1016.6,21,9999.9, 0,     6.1,24,    1.7,24,    8.0,  999.9,   77.0 ,   64.0 , 0.08G,999.9,100000,
723150,03812, 20000902,   71.1,24,   67.4,24,1014.6,19,9999.9, 0,     6.9,24,    1.8,24,    8.0,  999.9,   78.1 ,   64.0 , 0.03G,999.9,110000,
723150,03812, 20000903,   70.7,24,   67.4,24,1012.4,16,9999.9, 0,     4.8,24,    2.1,23,    7.0,  999.9,   80.1*,   66.2*, 0.00G,999.9,110010,
723150,03812, 20000904,   72.7,24,   67.4,24,1012.1,20,9999.9, 0,     6.0,24,    4.6,24,   12.0,   18.1,   84.0 ,   66.9 , 0.03G,999.9,110010,
723150,03812, 20000905,   66.1,24,   63.2,24,1016.3,23,9999.9, 0,     4.5,24,    4.0,23,    8.9,  999.9,   72.0*,   60.8*, 0.25G,999.9,110010,
723150,03812, 20000906,   59.2,24,   53.4,24,1023.9,20,9999.9, 0,     8.5,24,    3.7,20,    6.0,  999.9,   73.0 ,   55.0 , 0.07G,999.9,110000,
723150,03812, 20000907,   61.6,24,   55.2,24,1024.8,22,9999.9, 0,     9.7,24,    3.2,23,    8.0,  999.9,   72.0 ,   55.0 , 0.04G,999.9,110000,
723150,03812, 20000908,   66.0,24,   60.6,24,1022.0,21,9999.9, 0,     8.8,24,    2.0,23,    7.0,  999.9,   77.0 ,   55.9 , 0.00G,999.9,100000,
723150,03812, 20000909,   70.1,24,   63.9,24,1020.1,24,9999.9, 0,     7.8,24,    2.7,23,    8.0,  999.9,   82.0 ,   62.1 , 0.00I,999.9,100000,
723150,03812, 20000910,   68.6,24,   62.1,24,1020.1,21,9999.9, 0,     5.2,24,    2.6,24,    7.0,  999.9,   82.0 ,   60.1 , 0.01G,999.9,100000,
723150,03812, 20000911,   69.8,21,   62.9,21,1019.5,17,9999.9, 0,     8.0,21,    2.0,21,    8.0,  999.9,   81.0 ,   60.1 , 0.00G,999.9,100000,
723150,03812, 20000912,   69.6,24,   62.7,24,1017.0,18,9999.9, 0,     6.9,24,    2.9,24,    8.9,  999.9,   81.0 ,   60.1 , 0.01G,999.9,100000,
723150,03812, 20000913,   70.1,24,   64.1,24,1015.8,24,9999.9, 0,     6.7,24,    2.2,24,    7.0,  999.9,   82.9 ,   60.1 , 0.00G,999.9,100000,
723150,03812, 20000914,   71.4,24,   65.1,24,1013.8,22,9999.9, 0,     5.8,24,    2.3,23,    6.0,  999.9,   84.0 ,   60.1 , 0.00H,999.9,110000,
723150,03812, 20000915,   67.5,24,   55.0,24,1011.0,24,9999.9, 0,     9.6,24,    7.7,24,   15.9,   26.0,   84.0 ,   60.1 , 0.00I,999.9,000000,
723150,03812, 20000916,   57.8,24,   41.2,24,1015.4,24,9999.9, 0,     9.9,24,    9.0,24,   14.0,   19.0,   73.9 ,   48.0 , 0.00I,999.9,000000,
723150,03812, 20000917,   52.6,24,   42.8,24,1020.9,23,9999.9, 0,     9.5,24,    2.5,24,    6.0,  999.9,   66.0*,   37.4*, 0.00I,999.9,100000,
723150,03812, 20000918,   54.4,24,   49.6,24,1019.4,24,9999.9, 0,     9.5,24,    3.3,24,    8.0,  999.9,   68.0 ,   37.9 , 0.01A,999.9,110000,
723150,03812, 20000919,   64.7,24,   56.8,24,1016.1,23,9999.9, 0,     8.4,24,    4.2,24,   11.1,   16.9,   81.0 ,   46.0 , 0.03G,999.9,110000,
723150,03812, 20000920,   65.6,24,   59.0,24,1016.9,23,9999.9, 0,     7.8,24,    5.7,24,   14.0,   19.0,   81.0 ,   51.1 , 0.00G,999.9,100000,
723150,03812, 20000921,   69.1,24,   65.0,24,1014.6,24,9999.9, 0,     9.0,24,    5.1,24,   13.0,   19.0,   81.0 ,   51.1 , 0.04B,999.9,110010,
723150,03812, 20000922,   64.1,24,   60.7,24,1018.4,20,9999.9, 0,     8.7,24,    2.9,24,   11.1,  999.9,   81.0 ,   60.1 , 0.24C,999.9,110000,
723150,03812, 20000923,   66.9,24,   62.3,24,1015.8,23,9999.9, 0,     7.6,24,    4.9,24,   10.1,  999.9,   81.0 ,   59.0 , 0.72G,999.9,110000,
723150,03812, 20000924,   70.2,24,   66.4,24,1012.6,22,9999.9, 0,     8.3,24,    3.3,23,   25.1,   32.1,   82.0 ,   60.1 , 0.00G,999.9,110000,
723150,03812, 20000925,   70.0,24,   68.0,24,1008.1,16,9999.9, 0,     5.5,24,    4.1,24,   11.1,  999.9,   82.0 ,   60.1 , 0.24D,999.9,110000,
723150,03812, 20000926,   55.5,24,   48.1,24,1012.8,23,9999.9, 0,    10.0,24,   12.6,24,   21.0,   28.9,   78.1 ,   48.9 , 0.00H,999.9,010000,
723150,03812, 20000927,   53.0,24,   41.3,24,1022.1,24,9999.9, 0,     9.9,24,    5.3,24,   15.0,   16.9,   70.0 ,   37.9 , 0.00A,999.9,000000,
723150,03812, 20000928,   55.0,24,   45.9,24,1021.6,24,9999.9, 0,     8.9,24,    5.3,24,   13.0,   20.0,   72.0 ,   37.9 , 0.03A,999.9,100000,
723150,03812, 20000929,   54.3,24,   47.1,24,1024.6,24,9999.9, 0,     9.1,24,    3.1,24,    8.9,  999.9,   72.0 ,   41.0 , 0.00I,999.9,100000,
723150,03812, 20000930,   56.4,24,   50.6,24,1024.5,23,9999.9, 0,     7.8,24,    2.5,24,    8.0,  999.9,   69.1 ,   42.1 , 0.01G,999.9,100000,
723150,03812, 20001001,   59.8,24,   54.2,24,1020.0,23,9999.9, 0,     7.1,24,    2.5,24,    8.9,  999.9,   71.1 ,   48.0 , 0.00G,999.9,100000,
723150,03812, 20001002,   59.4,24,   53.7,24,1017.5,21,9999.9, 0,     5.8,24,    2.2,24,    8.9,  999.9,   75.9 ,   48.0 , 0.00I,999.9,100000,
723150,03812, 20001003,   64.6,24,   57.0,24,1018.0,24,9999.9, 0,     8.3,24,    5.1,24,   12.0,  999.9,   81.0 ,   48.0 , 0.01G,999.9,100000,
723150,03812, 20001004,   64.8,24,   58.1,24,1017.8,22,9999.9, 0,     6.0,24,    3.3,24,   11.1,   15.9,   81.0 ,   51.1 , 0.01G,999.9,100000,
723150,03812, 20001005,   64.2,24,   58.0,24,1016.2,20,9999.9, 0,     5.0,24,    2.5,24,    8.0,  999.9,   81.0 ,   51.1 , 0.01G,999.9,100000,
723150,03812, 20001006,   62.0,24,   58.1,24,1015.0,19,9999.9, 0,     6.0,24,    4.5,24,   17.1,   22.9,   80.1 ,   51.1 , 0.01G,999.9,100000,
723150,03812, 20001007,   54.0,24,   44.3,24,1020.5,24,9999.9, 0,     9.9,24,   12.6,24,   21.0,   27.0,   73.0 ,   46.9 , 0.00G,999.9,000000,
723150,03812, 20001008,   42.4,24,   26.0,24,1024.0,24,9999.9, 0,     9.9,24,   15.7,24,   21.0,   26.0,   48.9*,   37.4*, 0.00I,999.9,000000,
723150,03812, 20001009,   40.1,24,   24.4,24,1026.4,24,9999.9, 0,     9.9,24,   14.0,24,   22.9,   30.9,   48.0 ,   35.1 , 0.00I,999.9,000000,
723150,03812, 20001010,   44.2,24,   24.8,24,1026.3,24,9999.9, 0,     9.9,24,   10.0,24,   15.0,   20.0,   61.0 ,   34.0 , 0.00I,999.9,000000,
723150,03812, 20001011,   48.5,24,   26.8,24,1027.0,24,9999.9, 0,     9.9,24,    9.0,24,   15.0,   19.0,   68.0 ,   34.0 , 0.00I,999.9,000000,
723150,03812, 20001012,   49.6,24,   32.5,24,1028.5,24,9999.9, 0,     9.9,24,    3.2,24,    8.9,  999.9,   72.0 ,   30.0 , 0.00I,999.9,000000,
723150,03812, 20001013,   50.8,24,   36.3,24,1027.8,24,9999.9, 0,     9.9,24,    1.8,24,    7.0,  999.9,   77.0 ,   30.0 , 0.00I,999.9,000000,
723150,03812, 20001014,   52.9,24,   37.4,24,1025.0,24,9999.9, 0,     9.9,24,    4.0,24,   11.1,  999.9,   77.0 ,   30.9 , 0.00I,999.9,000000,
723150,03812, 20001015,   52.7,24,   38.0,24,1022.2,24,9999.9, 0,     9.9,24,    3.7,24,   11.1,  999.9,   75.9 ,   33.1 , 0.00I,999.9,000000,
723150,03812, 20001016,   54.3,24,   40.4,24,1020.7,24,9999.9, 0,     9.5,24,    2.1,24,    8.9,  999.9,   77.0 ,   34.0 , 0.00I,999.9,100000,
723150,03812, 20001017,   56.6,24,   46.9,24,1019.8,24,9999.9, 0,     9.3,24,    1.6,24,    7.0,  999.9,   77.0 ,   35.1 , 0.00I,999.9,100000,
723150,03812, 20001018,   59.9,24,   50.7,24,1019.1,24,9999.9, 0,     9.1,24,    4.8,24,   15.0,   20.0,   75.0 ,   43.0 , 0.00I,999.9,000000,
723150,03812, 20001019,   57.9,24,   44.0,24,1021.6,24,9999.9, 0,     9.1,24,    4.9,24,   15.0,  999.9,   73.0 ,   44.1 , 0.00I,999.9,100000,
723150,03812, 20001020,   52.9,24,   46.9,24,1024.7,24,9999.9, 0,     7.4,24,    2.5,24,    8.9,  999.9,   71.1 ,   41.0 , 0.00I,999.9,100000,
723150,03812, 20001021,   60.0,24,   53.4,24,1023.5,20,9999.9, 0,     3.9,24,    1.8,23,    7.0,  999.9,   75.0 ,   41.0 , 0.00I,999.9,100000,
723150,03812, 20001022,   61.7,24,   54.3,24,1026.7,21,9999.9, 0,     5.0,24,    1.2,24,    8.9,  999.9,   75.9 ,   50.0 , 0.00I,999.9,100000,
723150,03812, 20001023,   59.9,24,   54.2,24,1031.9,24,9999.9, 0,     4.8,24,    1.9,24,    8.0,  999.9,   75.9 ,   48.0 , 0.00I,999.9,100000,
723150,03812, 20001024,   59.6,24,   52.6,24,1030.0,24,9999.9, 0,     6.6,24,    3.8,24,   13.0,   18.1,   75.9 ,   46.9 , 0.00I,999.9,100000,
723150,03812, 20001025,   60.2,24,   55.5,24,1024.7,22,9999.9, 0,     4.9,24,    1.3,24,    8.9,  999.9,   75.9 ,   46.9 , 0.00I,999.9,100000,
723150,03812, 20001026,   60.1,24,   55.4,24,1023.2,23,9999.9, 0,     3.7,24,    1.4,24,    5.1,  999.9,   70.0 ,   53.1 , 0.00I,999.9,100000,
723150,03812, 20001027,   61.0,24,   53.3,24,1020.7,21,9999.9, 0,     5.1,24,    4.7,24,   18.1,   21.0,   75.2*,   44.6*, 0.00I,999.9,100000,
723150,03812, 20001028,   64.1,24,   51.9,24,1019.7,24,9999.9, 0,     7.0,24,    5.1,24,   14.0,   21.0,   75.0 ,   45.0 , 0.00I,999.9,100000,
723150,03812, 20001029,   56.8,24,   43.8,24,1022.9,24,9999.9, 0,     8.8,24,    4.3,24,   12.0,  999.9,   75.0 ,   41.0 , 0.00I,999.9,100000,
723150,03812, 20001030,   52.7,24,   29.0,24,1022.9,24,9999.9, 0,     9.9,24,    4.3,24,   11.1,   16.9,   75.0 ,   34.0 , 0.00I,999.9,000000,
723150,03812, 20001031,   51.1,24,   26.2,24,1022.7,24,9999.9, 0,    10.0,24,    4.1,24,   12.0,   15.9,   75.0 ,   30.0 , 0.00I,999.9,000000,
723150,03812, 20001101,   53.6,24,   30.1,24,1021.7,24,9999.9, 0,     9.9,24,    2.9,24,    8.0,  999.9,   75.9 ,   30.0 , 0.00I,999.9,000000,
723150,03812, 20001102,   54.9,24,   43.3,24,1021.4,24,9999.9, 0,     8.1,24,    3.1,24,   12.0,   16.9,   77.0 ,   34.0 , 0.00I,999.9,100000,
723150,03812, 20001103,   59.3,24,   51.8,24,1021.4,23,9999.9, 0,     4.2,24,    3.3,24,   10.1,  999.9,   77.0 ,   37.0 , 0.00I,999.9,100000,
723150,03812, 20001104,   56.6,24,   53.6,24,1018.0,21,9999.9, 0,     3.6,24,    2.9,24,    6.0,  999.9,   75.9 ,   44.1 , 0.27A,999.9,110000,
723150,03812, 20001105,   54.6,24,   43.0,24,1014.9,24,9999.9, 0,     7.2,24,    6.3,24,   11.1,   15.9,   64.9 ,   43.0 , 0.01A,999.9,110000,
723150,03812, 20001106,   47.2,24,   40.0,24,1016.9,24,9999.9, 0,     9.9,24,    3.3,24,   11.1,   15.9,   64.0 ,   35.1 , 0.00I,999.9,000000,
723150,03812, 20001107,   53.6,24,   51.2,24,1017.3,22,9999.9, 0,     4.1,24,    4.4,24,    8.9,  999.9,   61.0 ,   35.1 , 0.07G,999.9,110000,
723150,03812, 20001108,   61.8,24,   59.3,24,1016.5,22,9999.9, 0,     4.0,24,    3.9,24,   11.1,   19.0,   73.0 ,   48.9 , 0.06G,999.9,110000,
723150,03812, 20001109,   62.7,24,   61.4,24,1009.4,20,9999.9, 0,     4.7,24,    8.2,24,   25.1,   32.1,   73.0 ,   57.9 , 0.39G,999.9,110000,
723150,03812, 20001110,   48.9,24,   42.4,24,1009.2,22,9999.9, 0,     9.6,24,   13.0,24,   20.0,   28.9,   66.0 ,   42.1 , 1.90G,999.9,110000,
723150,03812, 20001111,   42.6,24,   30.1,24,1018.1,24,9999.9, 0,     9.9,24,   14.9,24,   22.0,   28.9,   57.9*,   33.8*, 0.00G,999.9,000000,
723150,03812, 20001112,   42.5,24,   33.0,24,1018.2,24,9999.9, 0,     8.8,24,    2.7,24,    8.0,  999.9,   61.0 ,   28.0 , 0.00I,999.9,100000,
723150,03812, 20001113,   41.6,20,   35.7,20,1016.3,20,9999.9, 0,     8.5,20,    2.4,20,   12.0,   15.0,   61.0 ,   28.0 , 0.04A,999.9,100000,
723150,03812, 20001114,   46.7,24,   35.8,24,1013.9,19,9999.9, 0,     9.7,24,   11.8,24,   17.1,   28.9,   57.9 ,   30.9 , 0.00H,999.9,010000,
723150,03812, 20001115,   38.2,24,   24.2,24,1018.1,24,9999.9, 0,     9.9,24,   10.0,24,   14.0,   20.0,   50.0 ,   30.9 , 0.00I,999.9,000000,
723150,03812, 20001116,   36.8,24,   31.6,24,1017.7,24,9999.9, 0,     9.2,24,    1.8,24,    8.9,  999.9,   48.9 ,   28.0 , 0.02B,999.9,110000,
723150,03812, 20001117,   43.8,24,   37.0,24,1013.3,22,9999.9, 0,     8.3,24,    9.2,24,   15.0,   21.0,   48.0 ,   28.0 , 0.05G,999.9,110000,
723150,03812, 20001118,   32.0,24,   23.1,24,1021.8,24,9999.9, 0,     9.9,24,    6.9,24,   15.9,  999.9,   48.0 ,   26.1 , 0.00G,999.9,000000,
723150,03812, 20001119,   34.2,24,   24.6,24,1020.5,21,9999.9, 0,     6.9,24,    5.3,24,   12.0,  999.9,   37.0 ,   26.1 , 0.20D,999.9,101000,
723150,03812, 20001120,   35.0,24,   26.5,24,1019.5,22,9999.9, 0,     7.0,24,    4.9,24,   14.0,   22.0,   50.0 ,   26.1 , 0.00I,999.9,100000,
723150,03812, 20001121,   29.1,24,   10.3,24,1022.5,24,9999.9, 0,     9.9,24,   10.1,24,   15.0,   22.0,   50.0 ,   24.1 , 0.00I,999.9,000000,
723150,03812, 20001122,   28.9,24,    9.9,24,1026.2,24,9999.9, 0,     9.9,24,    7.2,24,   13.0,   18.1,   46.9 ,   19.0 , 0.00A,999.9,000000,
723150,03812, 20001123,   38.3,24,   26.8,24,1024.0,24,9999.9, 0,     9.9,24,    3.2,24,   11.1,  999.9,   51.1 ,   19.0 , 0.00I,999.9,000000,
723150,03812, 20001124,   38.8,24,   33.1,24,1024.0,24,9999.9, 0,     9.3,24,    2.6,24,    8.9,  999.9,   51.1 ,   28.0 , 0.00H,999.9,110000,
723150,03812, 20001125,   39.7,24,   38.3,24,1018.2,20,9999.9, 0,     3.0,24,    5.7,24,   10.1,  999.9,   46.9 ,   32.0 , 0.78G,999.9,110000,
723150,03812, 20001126,   45.7,24,   42.1,24,1011.2,19,9999.9, 0,     6.4,24,    3.8,24,   11.1,   16.9,   53.1 ,   37.0 , 0.48G,999.9,110000,
723150,03812, 20001127,   42.4,24,   32.5,24,1013.4,24,9999.9, 0,     9.9,24,    5.6,24,   11.1,   19.0,   54.0 ,   30.0 , 0.00G,999.9,000000,
723150,03812, 20001128,   41.1,24,   26.0,24,1018.3,24,9999.9, 0,     9.9,24,    4.4,24,   11.1,  999.9,   57.0 ,   27.0 , 0.00I,999.9,000000,
723150,03812, 20001129,   40.6,24,   31.5,24,1020.3,24,9999.9, 0,     9.9,24,    2.6,24,   10.1,  999.9,   57.0 ,   27.0 , 0.00B,999.9,000000,
723150,03812, 20001130,   39.5,23,   21.0,23,1020.7,23,9999.9, 0,     9.9,23,   10.2,23,   15.0,   23.9,   55.9 ,   30.9 , 0.00I,999.9,000000,
723150,03812, 20001201,   33.7,24,   23.8,24,1024.3,24,9999.9, 0,     9.2,24,    4.2,24,   10.1,  999.9,   48.0*,   21.9*, 0.00I,999.9,100000,
723150,03812, 20001202,   35.7,24,   29.8,24,1024.3,23,9999.9, 0,     9.2,24,    2.6,24,   10.1,  999.9,   48.9 ,   21.9 , 0.00H,999.9,001000,
723150,03812, 20001203,   31.2,24,   28.8,24,1027.5,20,9999.9, 0,     4.9,24,    4.8,23,    8.0,  999.9,   41.0 ,   25.0 , 0.05G,999.9,101000,
723150,03812, 20001204,   28.4,24,   22.2,24,1030.1,21,9999.9, 0,     6.3,24,    2.5,24,    8.0,  999.9,   42.1 ,   19.0 , 0.14G,999.9,100000,
723150,03812, 20001205,   29.8,24,   23.4,24,1024.4,24,9999.9, 0,     9.3,24,    6.4,24,   15.9,   22.0,   43.0 ,   18.0 , 0.00G,999.9,100000,
723150,03812, 20001206,   29.8,24,   23.6,24,1021.5,24,9999.9, 0,     9.7,24,    5.2,24,   10.1,  999.9,   43.0 ,   18.0 , 0.00I,999.9,000000,
723150,03812, 20001207,   34.9,24,   23.7,24,1016.3,24,9999.9, 0,     9.9,24,    5.7,24,   10.1,  999.9,   48.0 ,   23.0 , 0.00I,999.9,000000,
723150,03812, 20001208,   36.4,24,   25.1,24,1017.2,24,9999.9, 0,     9.7,24,    3.7,24,   11.1,   16.9,   55.0 ,   24.1 , 0.00I,999.9,000000,
723150,03812, 20001209,   37.7,24,   29.2,24,1023.2,24,9999.9, 0,     9.3,24,    4.7,24,   10.1,  999.9,   55.0 ,   24.1 , 0.00I,999.9,100000,
723150,03812, 20001210,   39.2,24,   30.7,24,1023.5,24,9999.9, 0,     8.9,24,    4.7,24,    8.0,  999.9,   48.0 ,   27.0 , 0.00H,999.9,110000,
723150,03812, 20001211,   39.7,24,   37.2,24,1019.6,20,9999.9, 0,     3.9,24,    4.0,23,   15.9,   21.0,   54.0*,   33.8*, 0.00I,999.9,100000,
723150,03812, 20001212,   40.5,24,   30.8,24,1017.6,24,9999.9, 0,     8.5,24,   10.6,24,   19.0,   25.1,   54.0 ,   30.0 , 0.00H,999.9,110000,
723150,03812, 20001213,   28.5,24,   16.9,24,1031.1,22,9999.9, 0,     9.0,24,    6.6,24,   12.0,  999.9,   34.0*,   24.8*, 0.08A,999.9,110000,
723150,03812, 20001214,   37.7,24,   35.8,24,1024.8,21,9999.9, 0,     4.8,24,    7.4,24,   19.0,   23.9,   53.1 ,   23.0 , 0.27A,999.9,111000,
723150,03812, 20001215,   41.6,24,   37.4,24,1028.6,23,9999.9, 0,     7.7,24,    6.9,24,   15.0,  999.9,   53.1 ,   30.0 , 0.00I,999.9,100000,
723150,03812, 20001216,   37.8,24,   36.5,24,1021.5,23,9999.9, 0,     2.8,24,    7.0,24,   11.1,  999.9,   51.1 ,   35.1 , 0.24G,999.9,110010,
723150,03812, 20001217,   38.2,24,   31.4,24,1007.9,24,9999.9, 0,     8.4,24,   12.1,24,   20.0,   28.0,   55.9 ,   21.0 , 1.25G,999.9,111010,
723150,03812, 20001218,   25.5,24,   13.3,24,1019.9,24,9999.9, 0,     9.5,24,    7.8,24,   15.9,  999.9,   45.0*,   15.8*, 0.01G,999.9,100000,
723150,03812, 20001219,   31.0,24,   21.7,24,1012.1,20,9999.9, 0,     6.7,24,    7.2,24,   20.0,   25.1,   46.0 ,   16.0 , 0.09G,999.9,101000,
723150,03812, 20001220,   17.8,24,    7.2,24,1019.7,21,9999.9, 0,     8.1,24,   11.7,24,   18.1,   27.0,   37.0 ,    9.0 , 0.03G,999.9,001000,
723150,03812, 20001221,   26.4,24,   14.7,24,1022.7,24,9999.9, 0,     9.9,24,    4.5,24,    8.0,  999.9,   37.9 ,    9.0 , 0.00G,999.9,000000,
723150,03812, 20001222,   25.6,24,   14.7,24,1022.6,21,9999.9, 0,     9.9,24,   10.7,24,   18.1,   25.1,   37.9 ,   16.0 , 0.00I,999.9,000000,
723150,03812, 20001223,   21.7,24,    5.0,24,1031.2,24,9999.9, 0,     9.9,24,    6.6,24,   12.0,  999.9,   36.0 ,   10.9 , 0.00I,999.9,000000,
723150,03812, 20001224,   32.8,24,   14.6,24,1027.9,24,9999.9, 0,     9.9,24,    6.5,24,   13.0,   16.9,   46.0 ,   10.9 , 0.00I,999.9,000000,
723150,03812, 20001225,   28.9,24,    9.9,24,1030.8,24,9999.9, 0,     9.9,24,   11.3,24,   17.1,   23.9,   46.0 ,   19.9 , 0.00I,999.9,000000,
723150,03812, 20001226,   28.9,24,   11.8,24,1032.6,24,9999.9, 0,     9.9,24,    3.1,24,    8.0,  999.9,   37.9 ,   19.9 , 0.00I,999.9,000000,
723150,03812, 20001227,   35.6,24,   26.2,24,1023.0,24,9999.9, 0,     9.9,24,    5.1,23,    8.9,  999.9,   42.1 ,   23.0 , 0.00I,999.9,000000,
723150,03812, 20001228,   35.2,24,   29.8,24,1013.8,23,9999.9, 0,    10.0,24,    9.4,24,   15.0,   19.0,   42.1 ,   30.9 , 0.00I,999.9,000000,
723150,03812, 20001229,   28.1,24,   21.1,24,1012.2,24,9999.9, 0,     8.8,24,    2.8,24,    8.0,  999.9,   39.9 ,   17.1 , 0.00I,999.9,100000,
723150,03812, 20001230,   22.6,24,   13.0,24,1010.9,24,9999.9, 0,     9.6,24,   11.7,24,   18.1,   26.0,   39.9 ,   16.0 , 0.00H,999.9,001000,
